Coordenada x de la abeja, coordenada y de la abeja, coordenada z de la abeja
-75.5138107046,9.79319578615,1384.11
-74.5206923341,8.56215412962,1604.52
-72.0531380573,11.855009872,1482.41
-68.8272860569,3.06340248851,1391.67
-72.5517394558,3.03606999126,1631.26
-70.6201805933,6.9461121864,1619.37
-75.6650168425,2.95096711532,1741.96
-68.8823047278,3.3600635101,1465.96
-70.2948063984,3.64039826637,1722.83
-69.9985336707,-1.61772804364,1773.22
-75.8222242873,3.36762412331,1544.08
-76.0827223323,3.50746709344,1446.02
-69.2818754838,2.27716991333,1490.43
-77.5179608784,7.37199041614,1645.19
-72.6859767206,1.60678101105,1703.13
-72.0982562878,-0.139703685058,1414.09
-73.0172947177,3.60885989136,1355.32
-71.1777832842,1.80755585236,1485.28
-69.4444127747,3.91879636328,1786.81
-71.2973981669,3.52073082747,1688.72
-76.7602347439,8.10923035993,1654.70
-74.8499243553,0.616993006605,1518.99
-74.5094029058,1.15346733072,1681.38
-77.1598957569,2.09848618275,1774.28
-67.2836326437,2.22815588727,1449.34
-72.5137670544,7.714261565,1547.48
-75.4046842619,2.80559301967,1553.50
-74.6393157698,4.06009358171,1532.99
-75.081667771,1.41549935466,1662.53
-72.7346869748,3.73568753127,1474.50
-75.3136752956,7.92593816038,1337.89
-70.7594450383,1.57579603507,1644.29
-73.4864073278,6.63397663637,1501.30
-73.4392021496,-0.248450988441,1551.86
-75.8719365215,6.69145040711,1493.67
-67.7426861783,2.41905648686,1750.01
-73.8253804534,8.76148789734,1702.99
-70.9297043601,0.869555050186,1542.95
-75.2034783818,1.27213152071,1413.97
-70.3864874883,-1.4002096331,1621.03
-71.0997013912,-0.314679618847,1525.38
-72.5258000594,7.07339013749,1360.22
-72.1433280393,4.46807283727,1332.14
-67.5311161761,3.32574738669,1755.52
-72.3800228978,-2.06682419234,1554.66
-76.7179605391,0.805546538995,1520.63
-68.1699410794,5.35417303186,1743.54
-73.2929772629,11.1274824032,1347.71
-68.7313558294,2.3429822898,1517.85
-73.8894527585,1.47152664595,1703.49
-75.4128967151,7.62265595643,1647.72
-71.0902169542,2.25192806484,1428.73
-73.0920154118,-0.529414253251,1587.01
-73.5287611441,11.1431684922,1707.85
-70.3523771753,2.25967734336,1580.12
-68.4445523026,2.74395643294,1487.59
-74.4254271563,8.09799958088,1582.68
-75.4287423444,2.52592133605,1389.16
-74.6090500614,10.2566469579,1535.92
-78.135637412,1.51577253807,1714.72
-71.0743171088,4.59332278474,1562.67
-75.3948838614,5.1558790788,1348.59
-74.4141340293,4.84028701532,1618.04
-71.4848765232,-1.23955026941,1612.01
-72.2555278928,2.47651423443,1542.86
-75.3153191806,0.41145968083,1429.04
-70.6781676083,5.36914936455,1435.14
-70.1190414566,-0.270583556437,1614.11
-69.4971849099,-1.64278650797,1769.50
-72.4941011783,3.10230874118,1701.78
-71.7546618244,12.1992443254,1614.36
-73.5179340471,7.37074654104,1619.86
-70.8221185114,5.51447503322,1694.67
-71.2921480392,-2.04755280566,1390.32
-77.0492431225,6.35910658747,1711.54
-74.3784050869,4.80575664866,1538.77
-71.296390792,5.45643730412,1534.92
-73.7097949059,5.32295027867,1386.59
-74.0870259591,5.47182074686,1743.95
-70.9754271474,4.49755669374,1392.40
-70.3699151829,3.95851716263,1314.68
-73.3602009972,5.19258899321,1475.67
-73.562700541,10.0594237497,1747.48
-72.4658237064,1.83171281351,1749.93
-77.0830048129,1.56821656119,1504.18
-72.2342543333,4.7791949985,1641.89
-73.4095884723,0.994959496381,1458.16
-69.3030544327,2.75087753605,1708.88
-75.6325021161,9.03859498997,1486.21
-76.4757747053,7.31725020062,1782.87
-72.5922804986,6.39959862889,1533.70
-72.7348571147,1.55427098877,1538.51
-68.0281458534,4.15329471216,1651.58
-73.5608251072,9.67614562646,1461.15
-75.4549729548,1.96589709845,1647.73
-73.9079680007,8.18771164526,1514.24
-72.9208597902,5.78437985758,1576.22
-77.7912263143,2.71140317476,1326.57
-74.0551125117,7.36117657798,1725.05
-76.763504318,8.692290481,1465.33
-74.7664274856,1.40517410788,1429.17
-76.8224354203,0.922184598536,1563.93
-72.4931796936,-0.626671781859,1721.09
-73.8808542485,4.73932263181,1412.34
-69.992387178,-1.78329029259,1744.24
-69.121794895,2.89140549676,1342.26
-73.4167442341,4.13555069729,1553.18
-73.4637026178,1.97568015432,1414.92
-72.5265589076,-1.46205965295,1631.05
-76.4665370255,0.326334056981,1331.75
-76.4857572356,7.51139197908,1491.63
-74.4754546916,6.64092749186,1601.11
-73.4309721484,2.67016029761,1787.27
-73.7838854403,5.84156728304,1494.90
-76.7410982336,2.76115342087,1509.90
-72.700970241,-0.783623055864,1520.04
-71.5027975259,5.2850720721,1692.60
-72.0359004928,4.53711791209,1612.69
-72.3299430931,6.34407861174,1557.48
-73.6421038722,7.76106745223,1360.99
-73.4533153193,6.31376135995,1521.74
-77.4882510121,5.49643118272,1434.60
-73.0051983545,5.91202273027,1680.46
-68.6626363896,2.56381988867,1330.45
-71.8153901474,-1.78933746937,1776.16
-75.8347043016,1.27351122964,1579.24
-71.3766002099,3.72757814662,1589.04
-74.1131562569,0.150381950727,1373.69
-72.6910374591,4.32737449588,1662.32
-72.3267569488,-1.87397827834,1587.17
-75.913573988,8.11982933301,1370.93
-74.2202294556,2.06713209475,1618.63
-73.2367974443,8.60741745371,1412.37
-69.038613687,2.66563491422,1455.68
-76.9736339715,2.8700225721,1368.75
-74.7680104739,1.79139377872,1626.29
-68.8960809183,4.1466460539,1753.64
-71.2407185867,6.40181545485,1682.27
-75.2829682404,7.72959467218,1375.81
-75.6331953206,9.8510031929,1573.18
-73.3856790584,4.14742889516,1440.78
-75.2070001473,0.958679593168,1444.77
-73.7026968956,1.74632160805,1582.70
-70.6479321612,6.98695159454,1438.60
-73.3696602431,4.93550671284,1702.34
-73.9402237198,2.77526077298,1626.93
-74.9634938558,7.63751341974,1331.23
-74.723541205,4.6614052487,1394.24
-75.4615735771,2.01503607244,1453.06
-73.8013055704,5.85742011119,1760.20
-74.828445703,3.50036866883,1348.12
-73.6138639819,1.33273463837,1452.72
-70.272886464,-1.71064826323,1368.90
-77.3352077172,0.739832528273,1492.50
-75.169670531,2.18246237188,1472.88
-76.0658644511,6.75320212921,1687.74
-73.8233275467,-0.883733418974,1617.31
-77.1373567166,5.78915979742,1747.23
-71.6989923399,2.87989209508,1498.66
-75.7527548374,6.43305716301,1618.57
-76.4808183846,8.50650838218,1621.73
-69.5603345953,-1.55142300252,1784.24
-75.9263528025,3.47921725936,1563.90
-69.9592092591,-1.82910803105,1477.51
-75.2660116894,4.80261320121,1321.31
-72.4428925083,6.12448225277,1647.55
-74.8984489733,0.466897660871,1739.44
-75.04852667,0.841836505146,1515.75
-72.7022172597,0.455479593556,1687.39
-67.6213343873,2.3489514847,1443.81
-70.5167070065,0.338083932828,1683.87
-69.9027485824,5.06549584404,1648.60
-71.2082313413,0.308172243912,1732.52
-72.8582584422,8.23731253173,1424.09
-77.229134123,3.9968110931,1744.04
-68.4369737738,4.23228545469,1356.40
-75.2284146534,4.38237998093,1683.32
-75.3441175299,-0.0538602983168,1383.01
-76.3987534918,3.48848127785,1488.66
-72.5462595424,2.69323992959,1461.19
-70.5792105469,-0.0442255111108,1584.23
-72.2049996435,0.163749277019,1729.64
-71.7924809592,-0.327021855434,1425.79
-71.6436779714,0.755272118765,1517.91
-75.3721456148,2.27082280561,1607.77
-68.4458224859,4.78681417963,1752.30
-73.0580586597,-0.839025881284,1630.87
-74.374809661,3.50530757554,1475.16
-73.8946200631,1.42990533858,1374.70
-71.4678400892,2.98603161691,1450.23
-72.0583036312,11.8908558438,1362.27
-72.4552054245,2.91185202599,1432.55
-72.7296219541,6.21192114551,1668.54
-74.2235832036,7.46526144375,1550.82
-70.8090600453,1.22607519577,1781.62
-74.9983665314,6.65941421894,1773.71
-74.6980855198,11.0793043115,1459.57
-74.0134408972,3.02823246093,1750.14
-70.6213984544,-0.475403352538,1764.85
-73.5656499205,8.64990649262,1360.90
-69.2304706513,6.07630731264,1330.56
-73.624655199,-0.0843695808836,1473.53
-69.0911374765,5.93660458647,1783.22
-72.8373313523,3.07112818923,1743.48
-71.5445796204,1.29752262624,1593.66
-70.947185806,-0.969322632397,1736.98
-77.6156801549,7.18271675252,1736.74
-72.8410398921,3.93938876581,1481.82
-75.1748796698,0.0912332340727,1742.88
-76.0776755484,7.5299010919,1417.75
-73.572459573,0.132962227685,1642.78
-76.0714077285,4.72818181184,1774.30
-72.7062699647,6.13863668222,1730.93
-75.3200853696,8.24131847877,1532.78
-71.3965448349,0.135345901192,1401.93
-69.3116472071,3.38847025108,1699.56
-72.5375611045,1.60103038236,1530.57
-68.1950606302,2.55249501889,1719.59
-77.0397921685,5.48700133778,1576.79
-68.594170789,5.85690640479,1659.28
-74.0824907143,1.27485576543,1705.32
-69.7386042182,3.48538683385,1351.97
-75.6384953688,0.0808008805655,1788.52
-73.8047533224,10.312262512,1410.79
-68.229755767,2.83580259767,1532.03
-73.7190189879,10.2508574954,1654.63
-76.751899073,5.78075014126,1517.27
-73.6296498868,9.33287185085,1363.44
-73.7201548536,9.41681769942,1388.28
-70.6411595596,1.33616303494,1739.87
-71.1488509893,0.395688007728,1435.63
-76.546702188,2.74328311852,1668.85
-69.9645830059,0.782714461353,1529.71
-70.4499965122,-2.07816023871,1386.27
-74.8921725823,1.31592510438,1605.40
-73.3918663038,3.85567186848,1634.34
-75.3347669816,7.53053466553,1566.22
-69.6376093862,6.36666620727,1603.48
-69.3018493692,5.31475784102,1495.39
-73.2607732504,6.90764283829,1607.50
-70.1583828985,6.43690040385,1771.75
-76.5911950356,8.43978820827,1393.72
-76.782524383,8.04456789197,1370.62
-76.0004493506,1.13861290154,1680.10
-74.3791570264,4.78814411962,1655.63
-75.7218377922,3.31678699172,1608.64
-70.254580876,3.82865166005,1400.86
-72.0181422396,-0.237506652515,1429.68
-73.9490104074,2.82616681141,1403.69
-77.1757728334,6.26050682328,1380.15
-73.4819848252,4.6756604377,1388.77
-76.0329816463,2.88925694497,1638.76
-71.0585708572,2.90221552663,1334.16
-72.6909460052,4.94707987355,1580.10
-74.975976975,3.68613029375,1323.85
-73.4336491339,3.44811847984,1780.43
-67.9475242426,5.68567851929,1471.04
-72.3386728595,-0.534578381509,1464.85
-72.2844183888,-1.02061546602,1675.28
-75.3688631866,5.08048886327,1579.87
-76.1367272399,1.17288484255,1753.69
-75.9362210509,7.23120932795,1733.67
-70.4793295407,3.23787227993,1616.23
-75.9123830106,0.446931017727,1550.97
-75.0954615865,0.591777625057,1710.03
-75.411799719,4.10863041124,1623.93
-68.2169377288,2.87994652749,1472.39
-68.0441898745,6.11800274281,1515.07
-76.4345669161,2.67337669242,1501.77
-77.409794596,2.2781208654,1519.28
-70.3123013363,0.779149288737,1720.52
-70.2654202152,1.34224246107,1407.50
-72.2836016441,2.14142878525,1460.70
-71.6710896051,4.13115883117,1764.96
-69.2996306129,2.13221251922,1521.16
-76.3481300005,6.9956735404,1332.84
-72.739126977,2.0579299985,1450.60
-74.2864964175,8.47848261343,1665.34
-73.7041596395,-0.634524641744,1427.78
-75.7474038818,0.588449302966,1493.22
-69.7355891083,-0.96679131237,1578.22
-75.175596113,3.06674945728,1691.31
-73.709987194,3.22677283136,1519.88
-68.7046804389,4.74198218637,1673.37
-74.1074891802,-0.369576520166,1404.17
-68.3032131214,4.7920125807,1371.64
-69.5848962373,-1.36080015899,1393.92
-71.7190124506,5.00709312626,1756.60
-73.9108247152,3.20413199473,1414.69
-75.6570419779,5.78106370597,1719.01
-68.1737691193,6.03885170875,1689.42
-72.3207668298,5.18774475451,1476.67
-75.258133767,8.07522447998,1753.37
-76.1873619622,5.18419355008,1614.89
-69.8526279785,1.22756510243,1419.84
-76.7657348458,7.46910103319,1711.66
-73.3951389313,5.21573286852,1597.71
-70.6547212944,0.443914520728,1444.44
-70.7786171401,5.96854604515,1543.39
-72.1921193855,-0.792362236063,1334.13
-74.9099781067,3.34834108101,1602.31
-75.2290560192,3.25003272061,1430.45
-77.1214598867,3.44764040809,1630.78
-73.5019648903,0.129206124276,1358.86
-72.9515518607,0.090842008659,1758.96
-74.8657226222,10.5719532563,1441.41
-75.4022279773,9.4592171364,1381.31
-74.4125485015,8.54101653543,1523.30
-68.3822035195,5.78877155162,1545.34
-75.0114710225,0.0497980291977,1349.04
-70.9762007623,1.33530259432,1445.11
-76.199665483,7.95986134663,1735.16
-71.1024036672,3.09435724118,1447.13
-75.0315199572,9.04679702808,1342.60
-73.0816415471,1.97009515096,1495.24
-77.4068093117,6.76763716493,1337.15
-76.741713772,6.88540650195,1709.28
-76.922179503,5.83704395807,1397.69
-76.5170038821,6.85734347725,1554.91
-76.7963637741,3.8870455483,1618.95
-77.4643334531,1.730362929,1352.12
-72.2197901157,2.54675852519,1610.80
-73.6576004215,0.602832579149,1660.22
-68.8615919918,4.42101387882,1654.61
-73.0655847212,-1.73782084539,1709.05
-73.0502695194,7.09821551085,1496.74
-73.8320346449,4.2805204443,1749.75
-68.00182135,4.60498155021,1603.24
-69.5500751175,5.3746740226,1535.83
-76.4405174557,4.12384853161,1554.74
-70.4476648631,5.3954976288,1669.14
-74.594000714,8.49513489036,1507.76
-71.5600593363,-1.15496585931,1608.75
-73.0087576218,-2.0385619563,1343.05
-72.1280278552,0.138957948779,1622.58
-74.733467336,3.91985454093,1325.41
-74.3433682989,9.54429418417,1724.12
-74.4449400358,3.46940300644,1625.47
-72.7572663515,7.6471554668,1471.24
-70.6727251272,6.37404296959,1493.73
-75.008830122,5.05574211799,1323.30
-76.0729603645,8.88984087633,1480.34
-77.545462151,1.22302405383,1527.81
-73.8813275968,4.15115970823,1487.18
-68.8154612706,5.97378215727,1741.12
-71.8040510993,0.41372945975,1358.84
-74.2449349694,6.3635924698,1389.79
-67.5597649401,3.23341638193,1751.15
-70.8759236714,5.72514550372,1392.44
-70.2748982142,5.21542665553,1650.16
-71.9870633391,-1.75644291606,1685.16
-74.685788212,-0.244514928975,1335.07
-71.9833083332,-0.0230397040401,1517.22
-70.1140170038,-0.0721569531044,1557.47
-74.603259056,10.8605458818,1439.63
-69.3489689427,0.743149515991,1468.01
-67.9973161095,3.28102348424,1521.16
-74.5528783741,0.740337919578,1571.83
-70.2419200684,3.32915716971,1331.83
-73.3850969403,5.51962835507,1404.30
-72.9406944608,3.14729602153,1427.93
-67.8776885342,4.97097121365,1458.12
-75.8503352894,2.79927766908,1787.35
-73.1186158625,4.55836071692,1394.37
-70.2388773575,4.26563239649,1410.39
-74.7449708618,6.02525399935,1387.19
-78.1906980847,1.62738955339,1667.42
-74.6252052171,2.94057939868,1619.83
-77.8096939319,2.44159151627,1597.70
-76.2266871121,8.26792744492,1544.65
-76.0434577186,1.48329044859,1707.41
-72.8929402649,2.85310916619,1610.60
-72.6846175712,3.88328947944,1663.60
-70.4273439745,0.215484319466,1760.14
-74.3056051385,7.69333273164,1355.63
-72.153138529,5.05020950599,1347.40
-76.3090089664,1.14556286997,1605.20
-76.4584721283,6.35882360383,1390.89
-73.8721393614,11.2466173999,1538.98
-68.2419498506,3.82218271005,1778.10
-74.6118416822,3.90503230472,1336.21
-71.5779194206,2.49821569936,1497.49
-73.5324119714,4.69231380607,1783.94
-72.3189995773,-1.97919015705,1687.00
-72.9697704454,10.2079587519,1552.75
-72.3443388334,6.67915498971,1516.00
-71.5114477718,4.73806248767,1538.80
-69.8571212313,5.12800108192,1761.62
-72.0757642025,0.224233280891,1472.13
-74.4819226677,0.320938761768,1742.89
-72.6646739925,3.29914242936,1713.22
-75.8467118503,7.03349973634,1685.69
-70.0179665022,-3.02912478373,1751.98
-69.5381374353,3.61465880892,1556.99
-72.8755899391,4.01637914549,1669.89
-71.1144416829,6.023533329,1672.01
-76.0502032423,5.85049397686,1383.70
-71.8898571166,0.702649526436,1714.86
-67.9472851759,5.6289506218,1394.81
-70.7072683376,3.12026867509,1486.79
-74.7723512843,0.668815340731,1687.58
-77.1609987053,8.14049252418,1310.04
-74.4411940815,3.98115020423,1762.84
-73.2204833823,4.83472111055,1718.83
-71.9165927685,12.1481583025,1373.68
-74.8334747143,2.46165641807,1623.98
-74.9602272061,1.82324104538,1733.58
-70.3658840772,-0.922682006895,1419.58
-76.154484125,2.73878511096,1770.06
-73.153665614,6.12610532002,1578.77
-77.5561240784,2.67131644414,1537.94
-75.8933822789,3.11263879175,1593.73
-71.5414216834,5.72154032616,1672.24
-71.9942666199,4.73934544158,1671.36
-69.404063011,4.1133089635,1363.33
-78.3813726958,1.24354483051,1498.90
-73.5343240784,6.36093037675,1385.30
-75.4744246691,1.58174029929,1310.25
-77.4022463203,7.53819422063,1594.55
-71.1533451677,-0.641197050433,1638.75
-71.0734848744,3.77707319807,1608.19
-71.2640400759,6.7424528903,1516.76
-71.1261044194,4.55542092314,1567.87
-73.1908317644,-1.93677751321,1366.26
-73.5811137481,5.67527292931,1444.80
-71.4431091053,4.41995120803,1626.09
-69.3993193443,4.12902186823,1681.74
-74.7717236013,8.86661992717,1693.44
-77.7451649734,1.88973227905,1421.61
-74.7650714126,-0.159275670869,1571.71
-72.3430960377,11.4866961453,1775.58
-70.3817349556,3.47070885624,1429.54
-75.1460777833,6.71381227151,1486.93
-75.1083006001,5.29056553131,1455.62
-70.9751194561,1.335989167,1527.63
-75.9703385264,8.49829784797,1648.73
-77.6168879248,7.44051949154,1424.35
-75.2908801646,5.4683285766,1515.20
-74.8558509969,2.1163461667,1439.60
-74.6202805517,10.8808617022,1351.07
-78.2000461873,1.73007108096,1764.63
-68.5751396716,4.31644804901,1476.56
-75.9168952481,6.4509488587,1368.36
-70.1800367471,2.32965872955,1320.17
-73.2116443105,1.58783363568,1503.13
-78.2396564381,2.61600015411,1718.29
-69.1066388237,5.62148861953,1392.26
-71.9800732739,6.69820422234,1467.04
-73.2325222563,-0.616830972497,1736.71
-71.0340389838,7.01748980357,1311.73
-74.9934509463,5.92709949033,1484.27
-75.6255989057,5.86573037766,1489.17
-71.504526382,-0.12148085639,1400.09
-74.1597600961,5.33876438137,1738.26
-75.9698006647,8.96671178592,1701.61
-73.5267056494,-1.47372356395,1678.43
-75.3371988913,5.87235651441,1350.92
-70.2398351319,4.22426638474,1500.71
-72.9114462482,8.58764441623,1596.40
-76.5872017907,3.43983513983,1659.21
-73.7636675751,6.97541546261,1424.45
-75.3058238269,1.05158283711,1532.87
-75.4901081244,8.42863760893,1376.75
-77.141561336,1.12284563233,1532.15
-73.3981159312,-0.116599353199,1452.56
-73.8017214505,5.4567053319,1740.30
-70.2149264279,-1.37688305447,1688.61
-72.9229733755,3.15364992949,1460.49
-71.9652188612,4.41501842621,1425.58
-70.6351853022,4.533692841,1747.88
-70.5432264062,3.0735792886,1411.48
-70.4044428519,0.498413897176,1787.23
-76.44946079,0.727566955419,1519.95
-75.0112463808,3.64592626295,1454.80
-68.5943836445,2.46560453461,1601.82
-70.1019273581,-2.69149937903,1388.78
-68.7651292669,2.62100037655,1678.95
-76.1120015488,7.58957219841,1367.41
-71.9071169866,1.00854358971,1413.71
-73.0292616961,8.45156360424,1347.17
-77.0282862993,5.86998394727,1773.02
-69.3880889038,5.05523012514,1760.42
-73.6166865483,5.93213582535,1536.90
-73.5695973862,2.19620211509,1457.80
-74.7603654773,9.26300565253,1681.09
-67.9199163273,5.99031096342,1521.84
-70.2119250948,-1.06122328907,1617.44
-68.1600891183,5.08118180814,1639.27
-75.8011595815,1.17101311177,1761.30
-71.9116416786,4.2338592113,1616.16
-75.1510745015,5.95814695925,1483.48
-73.7568191248,11.0237164579,1569.75
-74.2961330135,2.35053969858,1587.99
-70.9328066257,-0.780980444291,1362.44
-75.119343848,10.8242825832,1631.06
-71.2563174089,4.88463956107,1732.76
-74.0454839112,8.23425519801,1725.73
-76.063066432,8.73334271435,1788.05
-73.1352191054,7.04049326553,1320.53
-75.7024356629,7.16646997927,1352.85
-68.0075472723,4.39915437839,1352.20
-73.4136782944,4.44235836697,1401.40
-72.9091980837,1.12169353688,1562.50
-76.0597182542,5.15981218064,1563.97
-73.6803960387,9.09123633667,1567.55
-72.638603724,8.51080360948,1615.78
-73.4375874019,2.86138363424,1505.90
-69.8016605738,4.04212768151,1663.41
-74.6689958854,2.71239872002,1581.88
-70.7012631195,3.9167035631,1512.07
-76.6130326382,8.52185956911,1359.36
-73.3171162989,7.00578087452,1411.40
-71.0290685523,6.53188702785,1358.59
-69.8647099822,4.52197497606,1782.66
-76.1092515418,4.82660085557,1344.23
-74.7402695066,10.4918281252,1372.98
-68.9449798541,3.62943267264,1607.50
-72.9282757971,7.09770467039,1436.12
-70.8141956445,3.35436114117,1498.22
-71.0669089777,3.14196665185,1754.35
-69.9165163565,-0.577582544995,1698.43
-69.3943029387,4.41546720711,1563.11
-76.0925169433,8.02468756973,1420.53
-77.0847410122,4.19426649489,1779.92
-68.1096277027,1.79226999324,1770.71
-68.6933659899,2.7784165418,1433.87
-76.8318121972,0.692318171762,1611.05
-73.9119154562,5.92072874616,1487.75
-73.367996262,11.1970104784,1578.46
-77.3564336578,4.51128009473,1778.59
-70.1553615352,4.14451547151,1699.22
-74.4530052955,6.69798222839,1498.53
-76.3690337756,4.31723642923,1521.81
-72.1520484771,3.91902533829,1637.82
-75.4277302023,4.16866871902,1358.67
-73.3590062933,2.53561526224,1355.79
-70.4815812854,-0.320335160013,1596.68
-69.6805128023,4.22867649294,1374.13
-68.4458468556,3.01604472552,1623.40
-76.6584038312,6.43248834335,1614.83
-67.6298427258,5.96657124872,1336.44
-73.8043844816,-0.957815093779,1547.25
-74.875792377,-0.217869584405,1741.75
-72.5699320295,2.7309305191,1731.40
-70.3437808612,4.66886993072,1485.61
-74.3407265091,0.0975642591474,1599.41
-75.3127819478,4.22849234362,1430.17
-74.8979340239,7.94062078805,1455.24
-72.3290144783,4.77335750614,1385.98
-71.9639564069,0.78763671804,1606.78
-74.2575089285,6.56908736144,1751.60
-75.7636049617,4.0292043906,1592.36
-74.6684970799,3.24337983998,1616.10
-71.3460910558,2.58135455101,1433.05
-73.8002743578,3.15850760547,1585.62
-75.4871384805,1.42319124274,1598.58
-68.5422656932,5.1680528152,1473.68
-72.9805793841,-1.65649514573,1431.62
-76.1313288621,4.43522771124,1392.35
-73.804203932,5.03947014296,1416.64
-75.7673676826,0.191715014624,1769.59
-76.3263854352,0.411055709756,1593.97
-72.2085064323,-1.86311014392,1501.86
-72.9826983835,5.35050466998,1780.94
-72.8606159953,-2.32039658031,1739.86
-74.1124795468,6.03543067849,1448.22
-73.0164688501,-2.11116067032,1438.16
-70.9816959177,4.64611743816,1577.94
-75.2394431614,10.1215679123,1695.70
-70.5117504896,5.68576721387,1763.82
-71.7222870281,12.0484777629,1741.72
-71.2479200572,-0.680206347948,1612.95
-70.8337809399,4.67831397388,1464.62
-75.5869134068,1.20682955137,1585.69
-73.0396639112,-0.0253981046938,1656.46
-72.849161949,2.22410299496,1653.08
-74.8473073005,4.37655219526,1424.71
-77.8839692928,0.989509529309,1587.68
-72.7725300218,4.04410969376,1636.39
-77.486981955,2.22160362259,1679.72
-74.9087830449,10.6101791716,1496.41
-73.3950529133,9.19269627713,1518.67
-73.2940816939,1.47817403958,1752.17
-76.0359464554,6.95016521946,1314.15
-75.8099877346,6.96367924477,1500.94
-71.1096836812,-2.03635881999,1661.69
-73.8739120554,10.4481914524,1359.20
-73.6286094008,8.64967800659,1451.91
-76.2735881031,1.11343058208,1367.42
-71.531773386,0.748746370445,1752.13
-69.266683313,5.5971782228,1546.13
-72.0877482322,3.25798082387,1502.92
-74.4358404279,7.76776090005,1336.23
-75.3151878565,9.11766392777,1633.61
-74.5191432507,9.755558124,1455.99
-71.230756909,-0.908458832,1421.19
-73.4181765339,2.86417216737,1707.69
-75.1091734122,3.79398619146,1693.96
-77.3719063105,6.8486242777,1638.44
-67.9872612008,4.35305015052,1703.06
-73.187956615,5.59512736114,1468.84
-68.1594152161,3.06032947993,1464.91
-74.9152287261,5.2093863453,1503.80
-73.9822323523,10.9729986603,1450.38
-75.0736683701,9.9304495065,1562.63
-70.3350369616,4.79739836416,1637.30
-72.2050118002,5.45716052132,1375.85
-75.5263683828,9.08842174589,1337.04
-77.2757778069,3.0244302271,1729.85
-73.0993461455,-1.13313596855,1541.66
-70.7876432818,3.45403947614,1702.37
-73.8885853193,7.17152582527,1642.00
-70.7205847154,-1.57947378734,1333.27
-73.7020391446,9.82135964143,1592.56
-76.8537013687,4.88289935033,1669.70
-73.8317163272,1.61127189012,1444.49
-72.885411249,-1.66245752755,1349.43
-68.6845298484,3.81393450437,1448.02
-75.9895222937,0.981632357943,1752.39
-74.676101314,0.0727451803282,1768.16
-68.4666149847,4.5934499973,1573.75
-74.8275297163,8.83913313224,1579.73
-77.2168413253,0.938483101484,1464.38
-68.6996192147,2.62764763313,1513.77
-72.9636877058,7.79803800895,1434.76
-77.2205962007,0.384990437441,1758.53
-72.1156832023,6.92051616728,1378.55
-71.4504216135,12.0939003686,1722.62
-74.8431919856,6.39259238955,1324.78
-69.65141616,2.01985630895,1446.15
-70.3053108297,3.45213502224,1510.85
-75.49552,2.30770216335,1434.48
-72.7098371652,11.3392839637,1450.14
-72.7545001103,0.387474554777,1501.88
-71.8847592951,1.33369126602,1384.10
-72.5283142342,4.12593313901,1511.35
-75.5108270066,1.13500383434,1371.34
-70.8338446735,1.19836396078,1496.27
-76.6139426778,8.18961081064,1390.23
-76.0053882571,2.85094127709,1567.69
-73.3822317272,7.04817885792,1676.63
-73.774318481,11.242758263,1766.74
-75.0645449875,7.38584652893,1712.97
-78.0322653974,1.8733587655,1349.82
-75.7845928668,8.97106593604,1541.41
-76.5573558498,7.29958702678,1748.55
-69.7203778443,-1.47246573956,1469.86
-69.4493905224,5.29442490385,1567.54
-75.0267171955,1.49511476814,1414.79
-71.8172853862,4.433031265,1483.03
-66.966484746,1.52559536261,1458.64
-68.8429383768,4.19860260744,1552.75
-72.3704361582,0.171157250468,1587.39
-68.951477458,5.34638093047,1510.44
-76.9782648227,6.92029437955,1408.99
-72.1280985548,6.75691954536,1787.91
-75.1189414914,4.5503032296,1371.66
-72.3053192203,-1.08151264677,1783.20
-69.2106018689,4.00404606055,1635.69
-74.4945269882,8.06601173858,1407.25
-74.2522230173,1.88451272134,1522.92
-73.8591038799,10.0140328735,1581.22
-73.1783369251,11.0383084727,1731.85
-72.004198231,6.59823537812,1741.08
-69.4209452196,4.48734041121,1440.37
-73.0962804298,0.0796415705774,1486.49
-72.6422888699,-1.41943353423,1778.10
-67.7352875226,5.41397512644,1352.45
-71.4426424212,4.57802684993,1418.00
-67.5823489739,3.44012524201,1614.32
-74.1432469366,2.09401944626,1433.76
-76.9496181202,7.6953530879,1445.38
-69.9459251224,3.42157404845,1577.11
-74.6869104841,0.832684421498,1540.71
-75.8652455543,6.09026173717,1443.07
-72.8601074549,-1.99066133637,1523.62
-74.0288800928,8.06735844852,1358.56
-70.5551604041,-0.83951341114,1336.31
-71.7226225614,3.81869176055,1462.80
-67.2741018739,2.03089254996,1480.62
-73.7691168008,10.5551163736,1471.27
-75.093675145,7.0316331499,1706.83
-77.5528318168,1.67855502697,1616.29
-78.2735105022,1.29693484111,1453.84
-71.3859056205,6.26986394152,1648.03
-72.4875046595,-0.691037098611,1666.40
-70.8981964336,-0.846901198,1587.31
-74.5197360618,6.60059148261,1745.30
-69.1709164856,1.97987739949,1538.33
-70.1829756413,2.19424615005,1420.00
-70.1596577982,-1.5457945881,1651.35
-72.7072248731,5.03037718752,1450.87
-69.9988864567,-0.648577614266,1333.09
-75.9238284156,6.83092607869,1459.74
-75.3995081529,9.06345626041,1772.46
-76.4946236178,8.71328429116,1776.46
-75.4773309343,0.534753474657,1515.77
-75.239152265,8.23212211221,1662.01
-77.336552353,0.580411129858,1490.74
-75.1462930047,5.94444886225,1523.23
-69.1150210459,1.87213333736,1725.45
-70.5889706056,3.69970735419,1736.84
-75.136202648,2.43714000891,1432.94
-77.3988419827,5.31654397478,1730.51
-71.8182176352,0.202795091929,1739.56
-69.2384696465,1.88909058941,1342.16
-76.774345215,2.52156631208,1651.09
-74.2100595675,4.53290983372,1673.38
-73.1917970889,5.53431388101,1600.27
-70.4794499875,-0.9325069957,1744.71
-72.4041813395,3.40238663897,1378.88
-74.2569115754,0.913353292351,1705.94
-70.3232428655,0.418668790108,1785.62
-74.9570502809,6.63028471414,1442.19
-74.4331324121,5.77156163381,1677.29
-77.2830350802,4.53747909322,1745.60
-76.0325430796,1.88402793362,1325.51
-67.8087678775,3.00079039178,1497.77
-70.2508859237,-3.75604818251,1403.46
-70.5112018038,2.55552011983,1773.54
-74.0253925232,9.76393702876,1750.71
-69.5689920849,4.01388778805,1722.03
-77.6963884228,1.75435525606,1728.00
-68.2753096488,2.45498113534,1513.43
-69.858359484,4.70353453923,1578.96
-77.3954735836,2.50294156395,1641.10
-70.0763376943,4.00805630511,1689.11
-71.1405722996,2.63074538059,1454.83
-77.0264601802,1.5766257766,1566.90
-72.4896269428,2.94456144306,1518.10
-70.9921293804,6.53443039305,1623.06
-70.0664907353,2.28818550622,1535.45
-67.9502579313,5.01674096888,1689.97
-72.6614654264,11.1491004819,1529.99
-68.754100089,5.01428076435,1520.11
-74.1903616331,1.1806591904,1438.95
-69.6655473738,0.767186414388,1447.41
-76.2437867686,7.10601339724,1534.14
-71.88767153,-0.807611557646,1767.50
-73.5276734093,0.860775322415,1621.31
-76.2397412769,5.58496972991,1495.34
-69.7444609267,5.59792167118,1641.67
-76.2568141095,3.62347164513,1512.98
-73.5962319136,0.734883673595,1618.16
-74.5253457544,4.92382955956,1716.90
-70.5377984654,0.742614047061,1366.41
-72.0455701738,0.277783696473,1747.74
-70.8671286287,4.83816664393,1541.63
-76.7638017013,8.55257550283,1719.36
-76.8491837471,8.4292070165,1677.06
-73.4685053399,1.15593921428,1368.96
-72.0868014654,11.973774376,1689.59
-76.6542921507,1.33845140277,1772.16
-74.5307151642,8.46914158302,1615.45
-70.4657424575,1.09282736082,1584.79
-74.2956735142,6.29170320019,1396.35
-68.2010622814,1.70016874694,1742.93
-76.2831525595,8.5544735139,1697.92
-74.6130895712,1.646679513,1351.18
-70.1443052989,-3.99124574479,1317.75
-75.5417213188,2.05808899088,1644.17
-71.8752550088,3.48722313892,1349.78
-72.2617690385,2.79494882682,1410.56
-77.4353003292,5.46195135284,1531.11
-75.2600908993,4.03615238517,1614.08
-73.4167536134,4.03449955614,1514.35
-71.8201975258,3.6488851815,1337.39
-72.7243408416,5.1860434477,1515.72
-77.1602774541,8.19688169625,1374.01
-71.9041098833,6.85833639632,1317.15
-72.8498989558,11.5565986942,1515.09
-78.1197636957,1.67553362632,1596.15
-73.361946289,-1.5513121545,1638.29
-76.1506865458,2.01718498286,1618.24
-74.6274770216,5.78292780422,1566.23
-72.4849148058,0.551830954593,1374.35
-70.2450380174,1.36314294635,1785.76
-73.7229485345,1.92272038846,1750.66
-75.2351620614,9.75544261606,1779.56
-73.0978101481,4.2173764277,1503.42
-68.3690594808,4.85033507951,1748.70
-69.7155203454,2.87856221683,1392.16
-67.7270755245,3.06759638955,1591.53
-70.5747121591,2.67303183112,1340.97
-73.5267264542,10.9797170801,1334.89
-70.713103689,-0.922114676691,1512.10
-73.7052945146,3.16191957148,1773.09
-72.4181381741,7.04789986226,1634.43
-72.4110652906,-2.29799320071,1576.13
-70.9224278134,-2.09580596477,1584.31
-72.1158374534,0.180967533776,1568.49
-69.918866627,4.69276460764,1506.24
-71.5687208868,1.13401135767,1407.63
-70.9093463659,3.42102436525,1423.64
-71.1696985402,3.67249693654,1541.87
-72.7564585267,4.71302830934,1462.35
-77.7392546408,7.07702363839,1327.00
-76.608698782,1.60616037173,1542.44
-71.3444524732,0.0472140497628,1472.98
-73.1855603673,2.11034238398,1578.12
-78.1614287992,1.95917030715,1588.80
-71.6655609443,2.49421993061,1558.49
-67.8755764974,4.1146040798,1367.11
-76.0317156234,7.61460205916,1481.15
-67.1070836432,1.9188246525,1567.51
-72.0718302129,7.11320364935,1771.31
-69.9219503302,3.95559048103,1531.90
-71.4216048721,12.095005613,1532.78
-75.377645528,5.36653508755,1571.68
-77.5034272738,2.29080871278,1395.80
-72.1420129979,1.58247291824,1506.54
-75.0290631813,9.54689384171,1595.64
-76.9857221935,7.6725201831,1697.11
-76.4916322954,6.47604342271,1709.82
-70.7043563751,-0.671628681118,1362.60
-67.4347827187,6.0375280394,1471.41
-75.1503952838,9.44170057186,1630.27
-70.6538041984,2.24085996699,1372.82
-72.6010262892,4.15538255884,1332.85
-74.1264240448,8.48827650386,1748.46
-69.4010903973,4.37842699303,1699.90
-72.7342676635,-0.655548143698,1446.10
-77.5016031156,1.98532427269,1437.35
-75.7707209249,3.68349382961,1560.95
-71.0171107613,0.430981492734,1754.95
-71.8029430181,0.370439357314,1557.50
-71.2210994932,4.06365964879,1600.65
-72.394237926,5.71095589731,1392.17
-74.8252397277,6.65090317227,1368.84
-69.928570962,5.34798775163,1371.80
-74.5107247004,6.38594931835,1378.82
-77.0741528225,7.42168467763,1716.39
-74.0416144029,11.2344648893,1664.02
-76.4795253782,0.969705664562,1493.23
-69.7129233511,3.91377043539,1349.05
-71.695200799,-1.16809690429,1353.73
-76.0428980431,4.4716125939,1373.78
-69.4392487532,2.36040028941,1329.93
-75.4271590722,0.184239264298,1346.00
-73.6781715567,-0.752886522875,1556.23
-75.2423909442,-0.0927225553489,1526.97
-76.6106619014,4.67743921814,1579.81
-72.1275361048,0.645110675842,1772.50
-70.7280077614,6.65329483471,1510.96
-74.9068560948,9.83800029669,1756.12
-71.9058767697,5.90749670618,1595.38
-71.4857405796,0.442141717902,1596.91
-68.7341793289,2.90027827467,1536.53
-72.1582771717,2.01132171004,1405.88
-74.7118734409,8.67250541961,1571.85
-73.6679077564,8.95717934854,1477.89
-67.394438862,6.03123646019,1474.12
-77.0147567228,4.27593545451,1748.77
-74.0427529306,-0.398526012149,1424.08
-71.6847608372,-1.16104521325,1678.63
-70.4351390026,-0.158224611129,1453.50
-73.7958381306,2.92841473599,1682.84
-70.6002097548,3.2538792462,1437.75
-76.59736476,3.86367817306,1735.16
-70.5975769342,2.05097472699,1377.84
-68.186516286,6.04576044995,1571.22
-72.019038501,4.28123224353,1733.58
-70.2563109883,-2.31649131954,1370.51
-72.5400423791,7.70219584942,1353.20
-77.1094054727,3.29485673715,1609.12
-72.5382475269,11.696734229,1435.16
-72.5283088391,7.57653675689,1723.69
-71.3071320813,-0.468500488465,1353.69
-76.1799397367,1.91633252234,1619.59
-69.4263323122,5.57573752013,1544.76
-75.4765655056,6.36375918173,1469.38
-72.6901038319,-0.81215549237,1710.63
-73.5916265991,8.72635378585,1703.52
-76.2442439622,4.21626246546,1407.84
-71.5119224497,3.34197724743,1498.61
-72.1441905278,3.08294389898,1444.76
-73.3876356164,2.00377271793,1395.06
-69.7040787453,-2.09919343372,1777.05
-67.5928333375,3.05047419298,1717.27
-72.1648732685,2.07195152768,1501.74
-76.1313791253,0.443575080526,1473.86
-75.3202465785,1.36133761908,1664.69
-76.0662493744,0.267392060839,1394.50
-74.253936308,6.66812612916,1336.74
-74.5111869349,2.15744007208,1325.32
-70.3698716102,2.0503125142,1416.91
-77.1609596527,2.90257753295,1616.75
-69.3372839755,2.80994922276,1382.38
-71.534026612,-0.46980265291,1328.01
-75.7235211102,7.02642855493,1415.23
-74.7166664146,8.60512361449,1530.08
-73.1110218416,6.26071707925,1765.12
-72.2462762334,4.55933658111,1755.59
-75.3387175337,7.58322535949,1592.56
-73.8709954849,4.23040551123,1423.02
-73.4501692283,10.938586175,1673.07
-74.9681478671,5.21165883486,1566.86
-73.6688675486,11.0963084761,1788.24
-76.6397865963,3.21615822936,1589.20
-73.0862633767,6.68221292697,1744.30
-73.2230764261,6.46815671779,1621.64
-69.4363278525,3.41078919172,1411.66
-74.2630668559,0.443613135409,1655.49
-74.442245207,2.78166488336,1443.91
-74.0044060044,1.59535831271,1632.77
-73.5776608358,8.23358407023,1373.89
-75.9822670354,2.18683620837,1521.25
-70.9576806924,-0.580013366114,1389.98
-72.1495705458,-0.668696250082,1605.17
-72.7985670639,-0.872181074366,1617.59
-70.1544584973,2.42643211168,1536.23
-70.6735378438,7.05356872603,1333.64
-71.6404475641,5.33768853043,1768.70
-68.3396245513,5.29628331556,1370.89
-76.6614368774,6.45477944851,1732.33
-75.7255916834,2.64394960273,1494.99
-73.0389695173,6.88818053885,1517.71
-74.5972561358,3.29872307108,1452.67
-72.2616905771,11.2177078175,1662.63
-71.0432476508,-0.980565884632,1582.79
-73.8713466527,1.13477539375,1478.86
-70.6654540048,6.02834256565,1726.67
-77.2931988965,1.13669915161,1741.04
-73.1701587549,3.4175971937,1672.78
-78.7536375466,1.49319133756,1446.26
-73.8982277912,5.18048838403,1707.14
-74.6590821952,0.378847623414,1518.50
-74.2903968747,8.28725308414,1413.81
-70.4185283441,5.81794529764,1766.34
-73.646838399,3.7196457084,1722.18
-73.5808344557,-0.75934531895,1750.71
-76.1019732062,7.96022729419,1752.14
-74.9614264582,9.29125391063,1343.39
-70.7322627278,-1.23597575651,1535.37
-69.954794331,-1.44285174294,1575.03
-71.0260750897,3.81667058861,1347.47
-74.5641320889,5.25400847197,1415.96
-70.639381683,1.99123378976,1375.94
-73.9161134343,9.09458181569,1699.92
-75.6684740681,8.49710159231,1622.49
-74.4175139022,0.508342850941,1478.34
-74.4963155614,8.47029375432,1738.34
-72.7300162646,3.31920413292,1631.54
-71.8085534889,6.80563330271,1768.69
-69.6447588527,-1.32212923472,1374.88
-72.6173555244,0.50071342162,1464.48
-71.8662615474,-1.28679482616,1346.69
-76.1953226219,5.42634362626,1456.43
-70.0845257461,4.99256238403,1741.40
-68.3040272263,5.20416024108,1532.86
-74.8441362199,9.43383505615,1605.95
-72.3180880592,6.8640907692,1783.64
-73.8171224416,5.71291120562,1443.20
-75.7128882936,0.60419822954,1594.29
-72.513132974,5.95318507941,1766.92
-69.5109597683,6.04908078724,1511.88
-72.4089117465,4.21303043721,1529.87
-70.0792749817,-0.964518383813,1582.50
-68.9560973278,3.73171789015,1618.74
-78.5144396442,2.48007680401,1674.62
-68.6238553774,3.77145164152,1657.42
-73.5736955078,-1.40886668351,1324.85
-76.3108595406,4.36627376209,1444.02
-71.7071072195,3.6854537727,1689.24
-74.4340511847,4.60265109108,1315.14
-74.9093193659,4.33896045005,1457.14
-74.1126621807,1.67514416485,1563.41
-71.6877693307,0.0723040688987,1680.59
-70.0034545587,-0.407346178015,1658.29
-73.307310209,1.89658074037,1423.02
-77.0683145085,4.89274573506,1407.53
-73.0080014575,5.64860333799,1326.69
-71.7999196273,4.34853517312,1645.52
-75.6347547749,2.54184155654,1410.74
-72.4742335353,1.81952107033,1583.38
-73.0012100372,-1.60590955656,1553.02
-69.3784815893,5.11200930688,1452.78
-78.043552247,1.19103501196,1390.52
-74.2800775984,1.26596901354,1722.55
-71.873930632,2.49777020943,1499.95
-77.4502168583,6.71230421254,1378.11
-71.9192801191,12.1300940728,1669.04
-73.0068664443,5.06308991865,1379.10
-75.5361754096,-0.0342276725523,1421.13
-71.7373936979,4.79949625707,1455.94
-74.9858352817,5.25879954946,1380.74
-72.8233771076,1.89826400658,1665.88
-73.9015118416,2.61220136121,1657.95
-74.4580669586,10.0033083703,1703.82
-70.3925046623,5.92221656559,1390.67
-72.015268019,5.75550955952,1499.95
-76.8565773067,8.55232485044,1518.54
-72.0207637094,2.29013574566,1313.61
-73.104523284,3.50177976118,1322.08
-71.397854109,-0.19112545882,1746.69
-71.9505453823,11.6272209996,1445.30
-72.1947001308,6.25906948532,1571.52
-76.5616569063,2.72525108191,1765.83
-74.0833694079,5.62563945877,1715.36
-72.9193208869,9.0665518927,1701.70
-72.2162089549,1.09587137674,1350.80
-75.1351242026,5.54323684115,1328.21
-77.0579711823,1.65872450163,1548.32
-72.9835358866,5.58333160826,1391.68
-71.9230888446,5.29774046045,1440.41
-69.9712226155,-3.84310611925,1596.53
-73.0354004997,-0.825042358267,1416.27
-71.7132507564,12.3797557564,1373.20
-70.4869891241,2.68929523465,1517.63
-76.8941807916,8.04817351254,1366.47
-75.7850726974,6.40437030894,1611.01
-72.8264185058,-0.0503718831583,1545.35
-76.4754079247,8.32994871738,1351.79
-69.6145724109,-1.62291651694,1395.44
-76.6342002667,6.01105773719,1544.43
-70.634624201,3.39630982171,1753.72
-71.0799214329,2.97631819425,1526.65
-67.9716980319,3.64048278199,1664.27
-72.5089389961,4.36314580642,1601.82
-72.1962534304,4.27726908898,1490.39
-71.4803933321,-1.87680290957,1486.01
-73.1248134293,5.31864921163,1384.06
-73.3906171598,4.60487311811,1562.49
-74.2028830688,10.8998705254,1351.06
-72.4278028816,4.5045329096,1691.66
-71.289569433,11.9489434741,1528.98
-68.9742952872,4.42956928276,1781.76
-69.7181253084,-2.6550765111,1331.19
-72.701493073,2.67463130482,1696.93
-76.5592830716,6.8544064291,1633.68
-69.2237236255,4.67798217497,1588.76
-72.9684543884,7.24948454004,1657.09
-76.5874502209,2.84230656284,1353.07
-69.5170639205,4.23454148459,1676.54
-70.3323163334,-0.125072774164,1691.28
-76.6987701753,5.73994651861,1355.77
-71.8113123181,5.13306715732,1535.29
-70.8017628945,5.10135533583,1506.39
-69.4708527479,5.57255793609,1683.15
-74.740957222,4.96467595377,1757.93
-72.706106549,5.00044791616,1589.53
-74.4364421006,6.78701820486,1542.91
-76.2976448778,6.8605441512,1424.56
-72.4903912371,3.56687070888,1497.20
-78.0253634538,1.59365629248,1592.89
-68.9699824067,4.42026610146,1381.03
-70.4839337458,-0.2115356194,1391.78
-72.5153492173,11.7367689058,1449.25
-70.1954026539,-1.15868098963,1531.05
-71.4168995176,6.71112125279,1485.30
-73.2825365109,6.09780906709,1621.01
-72.3475316504,2.41908859301,1548.72
-68.7249013789,5.27048875252,1579.00
-76.7945629993,4.69654879046,1782.06
-75.1507905921,8.49064284436,1647.42
-75.4132037638,7.64148244311,1412.13
-75.7470269055,8.01749935602,1662.76
-78.2404700872,1.2635233885,1705.12
-69.4284508446,2.92878702725,1640.29
-76.9715182292,2.59870194927,1581.53
-76.2067404846,7.15596401233,1588.22
-70.2603172443,-3.2305680793,1780.62
-67.670505375,6.22140178397,1462.27
-73.5997636077,6.84643278377,1729.48
-77.3535405463,7.39078771466,1533.16
-70.6245357447,-3.65156115845,1323.39
-72.4694000031,7.49148679095,1429.05
-73.605761816,7.87045362151,1603.54
-68.0723138347,4.1533087482,1747.64
-70.579602509,1.73928264439,1433.14
-73.2617507513,3.71410927669,1474.52
-74.3994670934,6.70344623746,1750.70
-74.9846608044,8.23250617943,1542.09
-76.1298903521,4.50150394455,1542.79
-69.4957263929,5.61233758452,1564.88
-72.8760102726,5.52778776002,1346.05
-74.7389872742,10.9272491339,1556.27
-70.7220166728,0.13920825926,1472.54
-75.6708580414,6.63082102745,1760.51
-75.8082161511,6.92344527639,1399.44
-73.1978191058,6.64574015446,1506.65
-73.0159606645,7.71717462045,1572.60
-69.8028841786,-1.96183719199,1553.83
-74.870786098,5.62497866433,1635.36
-75.5349079471,7.98612147915,1777.42
-73.9658623578,0.298067909424,1495.95
-72.6584326649,4.5679505308,1331.41
-74.8638407478,0.986323861976,1652.58
-72.1740980947,-1.02865974367,1735.17
-76.7293004811,3.6234569346,1532.01
-72.8398168094,6.02405874879,1687.92
-71.6669287805,11.9810351783,1559.87
-74.0569847923,4.95861360085,1693.66
-71.1813487214,5.58721468863,1673.28
-74.732806848,5.98518678319,1647.96
-75.8035224658,0.942424991137,1639.04
-73.6327895874,0.016175081326,1694.62
-72.7319447541,-1.41907004024,1706.50
-72.9443864316,-1.31304028384,1645.09
-71.7370558406,5.74119394869,1731.75
-75.9740899426,1.287325213,1552.33
-73.6129485093,10.9597054321,1597.35
-72.4679661234,-2.15314669144,1670.91
-76.9918693476,6.26435166857,1741.75
-74.5626530971,-0.0272365597359,1647.07
-72.7470432527,1.17610656066,1788.17
-72.2354936308,4.93046536034,1468.53
-70.9969773551,4.57135520344,1658.50
-72.0958777708,-2.07469722759,1699.52
-69.957535077,6.05449076652,1640.03
-75.9831934017,0.682927829689,1367.56
-70.9765118934,6.46881088518,1713.39
-76.5684664477,5.09452201357,1407.02
-72.2905077432,11.4091642737,1434.33
-74.017757122,5.75401809183,1484.50
-67.8525136814,2.15053042434,1781.39
-74.8851271536,7.00534570434,1488.62
-75.6403894943,5.48839874133,1498.74
-75.7137754789,6.87188500122,1664.28
-71.4716149127,6.38849096941,1605.38
-76.868887156,7.67912451113,1633.11
-76.9109655288,1.52614291022,1769.11
-77.3632984388,0.888789098648,1329.34
-72.4160105459,11.1218212989,1481.29
-72.0155986202,0.00808039771885,1666.39
-75.6884834922,5.81512691416,1515.60
-74.3105949,3.78874072318,1413.24
-76.5230187054,2.46885956952,1655.73
-75.9295917367,6.63893136273,1706.67
-72.5402195201,5.1115311308,1506.19
-75.2242995177,1.90489106587,1493.66
-71.0038639162,5.31416009296,1461.75
-71.8287835822,1.08295789419,1540.25
-71.8933536453,6.93465274902,1320.48
-77.111032842,4.95761877578,1661.23
-73.1560559746,-1.78802124549,1570.04
-76.8102989948,6.0167851979,1737.79
-68.4537312518,4.14180250137,1510.91
-76.5800646408,0.281693603456,1591.36
-72.4430113482,11.0196853729,1389.97
-72.1596701591,5.88688262453,1610.02
-70.6571292711,0.483923152314,1780.08
-69.5201882828,4.41868983688,1348.64
-76.3105045845,7.0670873693,1348.60
-73.490591805,5.62169225835,1380.82
-70.178313705,-1.37818011625,1624.46
-68.2711879321,5.34066903221,1685.91
-74.60384513,7.31676035377,1652.96
-75.1961380641,1.77173171722,1337.36
-76.013433639,8.08058066419,1725.48
-69.9219385114,5.0123217426,1630.78
-73.0949366695,8.77749328878,1335.92
-75.1316966423,10.0586735124,1617.86
-71.715860495,-0.513789743976,1558.91
-69.7754803199,-0.430047197141,1556.10
-73.8675358378,-0.309912091066,1759.76
-73.3500105548,3.34412478368,1556.56
-67.9937479627,1.94469786898,1418.40
-76.3546774601,1.44518997351,1520.79
-77.1228695701,8.58754709558,1311.28
-70.3601951708,4.57741588221,1445.62
-77.1232844308,0.581932688753,1663.39
-74.0607508004,6.94983192249,1683.08
-77.0171610768,3.49990102551,1626.50
-72.7525469251,7.8344822374,1441.08
-69.9776293657,-0.747854375889,1360.56
-76.4684480254,1.63292624433,1504.88
-77.4356957208,8.5535692069,1351.86
-75.209722956,2.43196027401,1429.84
-76.4130988256,9.03026250117,1621.82
-69.4230235899,3.02026036145,1359.34
-73.4694739351,0.336257640358,1764.01
-72.3748041249,3.1355632523,1581.32
-75.6194384489,1.06920729012,1624.61
-73.0340512552,9.9038978833,1713.69
-74.5567416417,8.25243737079,1759.85
-73.9396976056,8.95114197057,1778.34
-70.1092403431,1.59031816803,1366.92
-70.1703853985,-0.379331307327,1431.88
-73.363859351,4.5418448205,1591.55
-76.4831343639,3.18443052835,1694.33
-74.3743435738,7.5730829479,1380.09
-71.8032967558,5.5104405844,1714.76
-73.6601673174,-0.086459166403,1561.84
-73.5733330491,-1.24595759341,1708.41
-71.8453939949,3.45177063549,1325.21
-77.4473562356,6.57818882875,1399.20
-75.8988401961,7.9199306394,1323.01
-71.281690974,3.08790545958,1484.57
-70.5636887307,-0.884739029737,1701.24
-75.4511869686,8.30142771571,1774.10
-76.5588917992,0.509816331833,1586.04
-77.5899803324,2.59846069802,1365.97
-72.8806310845,-1.15644047962,1604.17
-76.2846778213,7.33001967253,1349.15
-69.2698970406,3.36102844813,1454.75
-73.4919507982,5.06731132484,1711.38
-70.3265729526,1.41103058981,1519.81
-74.8516084046,5.82695589888,1776.36
-73.5777782848,8.49095919899,1334.72
-74.9088693654,4.3385104496,1437.14
-69.1061888232,5.62103861908,1372.26
-74.2626168555,0.443163134959,1635.49
-75.8983901956,7.91948063895,1303.01
-78.3809226954,1.24309483006,1478.90
-74.7114234405,8.67205541916,1551.85
-70.9292543597,0.869105049736,1522.95
-74.7646214122,-0.159725671319,1551.71
-73.0651347207,-1.73827084584,1689.05
-73.134769105,7.04004326508,1300.53
-72.3263069483,-1.87442827879,1567.17
-72.0176922391,-0.237956652965,1409.68
-70.5162570061,0.337633932378,1663.87
-76.7514490726,5.78030014081,1497.27
-74.378707026,4.78769411917,1635.63
-70.2445880169,1.3626929459,1765.76
-76.7738952145,2.52111631163,1631.09
-72.7720800214,4.04365969331,1616.39
-67.9468351755,5.62850062135,1374.81
-75.4761155051,6.36330918128,1449.38
-75.7469538813,0.587999302516,1473.22
-71.0664589773,3.1415166514,1734.35
-72.4106152902,-2.29844320116,1556.13
-76.0129836386,8.08013066374,1705.48
-73.6291998864,9.3324218504,1343.44
-74.9095281063,3.34789108056,1582.31
-76.2563641091,3.62302164468,1492.98
-71.706657219,3.68500377225,1669.24
-69.2300206509,6.07585731219,1310.56
-70.0788249813,-0.964968384263,1562.50
-71.6432279709,0.754822118315,1497.91
-74.8270797159,8.83868313179,1559.73
-74.8247897272,6.65045317182,1348.84
-71.8028467554,5.50999058395,1694.76
-70.720134715,-1.57992378779,1313.27
-71.9866133386,-1.75689291651,1665.16
-73.4915007978,5.06686132439,1691.38
-76.0320930791,1.88357793317,1305.51
-73.9010618412,2.61175136076,1637.95
-67.6293927254,5.96612124827,1316.44
-68.1946106298,2.55204501844,1699.59
-73.4162942336,4.13510069684,1533.18
-68.9445298537,3.62898267219,1587.50
-69.5197382823,4.41823983643,1328.64
-74.378707026,4.78769411917,1635.63
-73.3634093506,4.54139482005,1571.55
-75.3123319473,4.22804234317,1410.17
-76.4580221279,6.35837360338,1370.89
-71.5114724493,3.34152724698,1478.61
-73.5015148898,0.128756123826,1338.86
-75.7124382932,0.60374822909,1574.29
-72.7540501099,0.387024554327,1481.88
-72.6642239921,3.29869242891,1693.22
-70.2943563979,3.63994826592,1702.83
-76.4341169157,2.67292669197,1481.77
-75.9827434012,0.682477829239,1347.56
-68.5937207885,5.85645640434,1639.28
-70.957230692,-0.580463366564,1369.98
-74.9609764577,9.29080391018,1323.39
-72.5084889956,4.36269580597,1581.82
-72.3203168294,5.18729475406,1456.67
-74.2231332032,7.4648114433,1530.82
-75.9259028021,3.47876725891,1543.90
-74.7330173356,3.91940454048,1305.41
-75.2576837666,8.07477447953,1733.37
-66.9660347456,1.52514536216,1438.64
-75.9131239875,8.11937933256,1350.93
-75.981817035,2.18638620792,1501.25
-72.7005202405,-0.784073056314,1500.04
-74.0565347919,4.9581636004,1673.66
-70.5787605465,-0.0446755115608,1564.23
-73.3495605543,3.34367478323,1536.56
-75.0083801216,5.05529211754,1303.30
-77.5556740779,2.67086644369,1517.94
-67.4343327183,6.03707803895,1451.41
-73.4901418045,5.6212422579,1360.82
-74.1899116326,1.18020918995,1418.95
-71.180898721,5.58676468818,1653.28
-74.6247552167,2.94012939823,1599.83
-74.7405072216,4.96422595332,1737.93
-73.2320722559,-0.617280972947,1716.71
-74.6270270211,5.78247780377,1546.23
-75.1458430042,5.9439988618,1503.23
-72.1428780389,4.46762283682,1312.14
-77.1224195696,8.58709709513,1291.28
-70.9467358055,-0.969772632847,1716.98
-76.7412637715,6.8849565015,1689.28
-67.6700553746,6.22095178352,1442.27
-72.6905874586,4.32692449543,1642.32
-75.0732183697,9.92999950605,1542.63
-72.8487119485,2.22365299451,1633.08
-76.2971948774,6.86009415075,1404.56
-72.0185885005,4.28078224308,1713.58
-70.8977464332,-0.84735119845,1567.31
-76.4126488252,9.02981250072,1601.82
-74.8270797159,8.83868313179,1559.73
-70.974977147,4.49710669329,1372.40
-74.5202423336,8.56170412917,1584.52
-72.2350436304,4.93001535989,1448.53
-68.7309058289,2.34253228935,1497.85
-77.1105828416,4.95716877533,1641.23
-73.0007600368,-1.60635955701,1533.02
-74.8279957026,3.49991866838,1328.12
-75.1458430042,5.9439988618,1503.23
-75.1744296693,0.0907832336227,1722.88
-71.1692485398,3.67204693609,1521.87
-72.3937879256,5.71050589686,1372.17
-73.0858133763,6.68176292652,1724.30
-72.0203137089,2.28968574521,1293.61
-74.7712736009,8.86616992672,1673.44
-75.4113497186,4.10818041079,1603.93
-73.118165862,4.55791071647,1374.37
-68.1946106298,2.55204501844,1699.59
-71.7221725609,3.8182417601,1442.80
-70.7871932813,3.45358947569,1682.37
-74.7405072216,4.96422595332,1737.93
-71.66647878,11.9805851778,1539.87
-76.7633517008,8.55212550238,1699.36
-77.1210098863,3.44719040764,1610.78
-75.5103770062,1.13455383389,1351.34
-72.8487119485,2.22365299451,1633.08
-74.7230912046,4.66095524825,1374.24
-69.9707726151,-3.8435561197,1576.53
-68.9738452868,4.42911928231,1761.76
-75.5103770062,1.13455383389,1351.34
-71.8748050084,3.48677313847,1329.78
-74.0603008,6.94938192204,1663.08
-69.9454751219,3.421124048,1557.11
-68.2414998502,3.8217327096,1758.10
-73.1105718411,6.2602670788,1745.12
-77.3347577168,0.739382527823,1472.50
-74.2444849689,6.36314246935,1369.79
-75.3053738264,1.05113283666,1512.87
-69.4036130105,4.11285896305,1343.33
-71.7185624501,5.00664312581,1736.60
-75.8462618498,7.03304973589,1665.69
-72.2350436304,4.93001535989,1448.53
-76.8313621967,0.691868171312,1591.05
-76.0772255479,7.52945109145,1397.75
-68.3027631209,4.79156258025,1351.64
-76.6337502663,6.01060773674,1524.43
-67.9968661091,3.28057348379,1501.16
-74.9597772056,1.82279104493,1713.58
-70.2744482138,5.21497665508,1630.16
-76.8313621967,0.691868171312,1591.05
-75.9119330102,0.446481017277,1530.97
-72.3285644778,4.77290750569,1365.98
-72.968004388,7.24903453959,1637.09
-73.6463883985,3.71919570795,1702.18
-75.9233784151,6.83047607824,1439.74
-71.1528951672,-0.641647050883,1618.75
-70.921977813,-2.09625596522,1564.31
-72.3937879256,5.71050589686,1372.17
-76.6082487815,1.60571037128,1522.44
-74.5192860614,6.60014148216,1725.30
-74.2899468742,8.28680308369,1393.81
-72.5694820291,2.73048051865,1711.40
-72.0713802125,7.1127536489,1751.31
-74.1120295463,6.03498067804,1428.22
-70.5997597543,3.25342924575,1417.75
-70.3118513358,0.778699288287,1700.52
-74.3743596605,3.50485757509,1455.16
-69.7381542177,3.4849368334,1331.97
-75.7702709244,3.68304382916,1540.95
-72.7291719536,6.21147114506,1648.54
-74.4750046912,6.64047749141,1581.11
-70.5547104037,-0.83996341159,1316.31
-74.1427969362,2.09356944581,1413.76
-74.9064060944,9.83755029624,1736.12
-75.5864634063,1.20637955092,1565.69
-70.2144764274,-1.37733305492,1668.61
-75.7230711098,7.02597855448,1395.23
-70.2744482138,5.21497665508,1630.16
-75.3771955275,5.3660850871,1551.68
-75.4507369682,8.30097771526,1754.10
-71.706657219,3.68500377225,1669.24
-74.9630438554,7.63706341929,1311.23
-68.0070972718,4.39870437794,1332.20
-75.6320521156,9.03814498952,1466.21
-77.2201462003,0.384540436991,1738.53
-78.0431022466,1.19058501151,1370.52
-68.3391745509,5.29583331511,1350.89
-73.0288116956,8.45111360379,1327.17
-75.746576905,8.01704935557,1642.76
-77.3714563101,6.84817427725,1618.44
-75.5864634063,1.20637955092,1565.69
-73.7632175747,6.97496546216,1404.45
-76.035496455,6.94971521901,1294.15
-71.38545562,6.26941394107,1628.03
-75.6880334918,5.81467691371,1495.60
-71.7185624501,5.00664312581,1736.60
-75.0107963804,3.6454762625,1434.80
-74.6864604836,0.832234421048,1520.71
-74.8917225818,1.31547510393,1585.40
-68.381753519,5.78832155117,1525.34
-70.3261229521,1.41058058936,1499.81
-73.0349504992,-0.825492358717,1396.27
-74.8494743548,0.616543006155,1498.99
-73.3597509967,5.19213899276,1455.67
-72.115387453,0.180517533326,1548.49
-71.8283335818,1.08250789374,1520.25
-73.7224985341,1.92227038801,1730.66
-67.4343327183,6.03707803895,1451.41
-74.4120985011,8.54056653498,1503.30
-72.2045496431,0.163299276569,1709.64
-73.0336012548,9.90344788285,1693.69
-74.3402765086,0.0971142586974,1579.41
-70.9746694556,1.33553916655,1507.63
-77.5029772733,2.29035871233,1375.80
-76.7514490726,5.78030014081,1497.27
-69.8566712309,5.12755108147,1741.62
-70.1087903427,1.58986816758,1346.92
-73.1851103669,2.10989238353,1558.12
-71.6843108368,-1.1614952137,1658.63
-73.0083076214,-2.03901195675,1323.05
-78.1193136952,1.67508362587,1576.15
-77.1210098863,3.44719040764,1610.78
-75.4545229544,1.965447098,1627.73
-74.6126395707,1.64622951255,1331.18
-74.257058928,6.56863736099,1731.60
-71.706657219,3.68500377225,1669.24
-70.1592077978,-1.54624458855,1631.35
-72.338222859,-0.535028381959,1444.85
-74.5089529053,1.15301733027,1661.38
-75.2904301641,5.46787857615,1495.20
-74.7719012839,0.668365340281,1667.58
-75.9827434012,0.682477829239,1347.56
-74.6113916817,3.90458230427,1316.21
-73.4528653188,6.3133113595,1501.74
-69.223273625,4.67753217452,1568.76
-72.7344071143,1.55382098832,1518.51
-69.3485189423,0.742699515541,1448.01
-74.257058928,6.56863736099,1731.60
-73.0988961451,-1.133585969,1521.66
-75.9233784151,6.83047607824,1439.74
-71.2206494928,4.06320964834,1580.65
-73.5732455074,-1.40931668396,1304.85
-77.1598274536,8.1964316958,1354.01
-74.5102747,6.3854993179,1358.82
-75.670408041,6.630371027,1740.51
-69.0381636865,2.66518491377,1435.68
-71.9866133386,-1.75689291651,1665.16
-75.2030283814,1.27168152026,1393.97
-73.0047483541,5.91157272982,1660.46
-74.0865759586,5.47137074641,1723.95
-67.8772385338,4.9705212132,1438.12
-70.322792865,0.418218789658,1765.62
-73.8670858374,-0.310362091516,1739.76
-72.9188708865,9.06610189225,1681.70
-76.6579538308,6.4320383429,1594.83
-75.3196353692,8.24086847832,1512.78
-72.8393668089,6.02360874834,1667.92
-70.1592077978,-1.54624458855,1631.35
-77.6164379244,7.44006949109,1404.35
-72.2350436304,4.93001535989,1448.53
-73.4680553394,1.15548921383,1348.96
-70.4865391236,2.6888452342,1497.63
-67.9712480315,3.64003278154,1644.27
-74.9083330445,10.6097291712,1476.41
-75.6880334918,5.81467691371,1495.60
-77.0167110764,3.49945102506,1606.50
-74.0129908968,3.02778246048,1730.14
-69.9184166266,4.69231460719,1486.24
-68.1596391179,5.08073180769,1619.27
-75.0310699568,9.04634702763,1322.60
-73.5957819132,0.734433673145,1598.16
-76.3100545841,7.06663736885,1328.60
-72.9278257966,7.09725466994,1416.12
-75.8095377341,6.96322924432,1480.94
-76.34768,6.99522353995,1312.84
-73.7686668003,10.5546663731,1451.27
-73.2936316934,1.47772403913,1732.17
-72.1526885286,5.04975950554,1327.40
-71.6947507986,-1.16854690474,1333.73
-67.2831826433,2.22770588682,1429.34
-72.1276485543,6.75646954491,1767.91
-75.6251489053,5.86528037721,1469.17
-70.6240857442,-3.6520111589,1303.39
-69.3111972066,3.38802025063,1679.56
-72.4891769423,2.94411144261,1498.10
-76.0049382567,2.85049127664,1547.69
-71.865811547,-1.28724482661,1326.69
-70.5427764058,3.07312928815,1391.48
-74.5107369345,2.15699007163,1305.32
-69.9771793652,-0.748304376339,1340.56
-72.3176380588,6.86364076875,1763.64
-68.0070972718,4.39870437794,1332.20
-70.478999987,-0.93295699615,1724.71
-76.34768,6.99522353995,1312.84
-73.2613007509,3.71365927624,1454.52
-73.8670858374,-0.310362091516,1739.76
-74.0546625112,7.36072657753,1705.05
-70.465292457,1.09237736037,1564.79
-75.7469538813,0.587999302516,1473.22
-74.0603008,6.94938192204,1663.08
-71.2635900754,6.74200288985,1496.76
-68.7646792664,2.6205503761,1658.95
-76.0312656229,7.61415205871,1461.15
-74.4326824116,5.77111163336,1657.29
-69.4967349094,-1.64323650842,1749.50
