For point: [-75.5499363497, 6.31612928218, 1683.77]
Points in range:
[-75.5800940226, 6.31136326493, 1707.9]
[-75.5616007379, 6.32870576905, 1628.36]
[-75.5499363497, 6.31612928218, 1683.77]
[-75.5497332207, 6.34568295321, 1703.38]
[-75.5562203115, 6.33926002227, 1614.6]
[-75.5796440222, 6.31091326448, 1687.9]
[-75.5703224583, 6.34702693307, 1731.41]
Total: 7 points

For point: [-75.5497332207, 6.34568295321, 1703.38]
Points in range:
[-75.5800940226, 6.31136326493, 1707.9]
[-75.5616007379, 6.32870576905, 1628.36]
[-75.5499363497, 6.31612928218, 1683.77]
[-75.5497332207, 6.34568295321, 1703.38]
[-75.5562203115, 6.33926002227, 1614.6]
[-75.5796440222, 6.31091326448, 1687.9]
[-75.5703224583, 6.34702693307, 1731.41]
Total: 7 points

For point: [-75.5469857796, 6.33346840308, 1395.71]
Points in range:
[-75.5439345586, 6.30588535247, 1395.34]
[-75.5443845591, 6.30633535292, 1415.34]
[-75.5469857796, 6.33346840308, 1395.71]
Total: 3 points

For point: [-75.5800940226, 6.31136326493, 1707.9]
Points in range:
[-75.5800940226, 6.31136326493, 1707.9]
[-75.5616007379, 6.32870576905, 1628.36]
[-75.5499363497, 6.31612928218, 1683.77]
[-75.5497332207, 6.34568295321, 1703.38]
[-75.5562203115, 6.33926002227, 1614.6]
[-75.5796440222, 6.31091326448, 1687.9]
[-75.5703224583, 6.34702693307, 1731.41]
Total: 7 points

For point: [-75.5616007379, 6.32870576905, 1628.36]
Points in range:
[-75.5800940226, 6.31136326493, 1707.9]
[-75.5616007379, 6.32870576905, 1628.36]
[-75.5499363497, 6.31612928218, 1683.77]
[-75.5497332207, 6.34568295321, 1703.38]
[-75.5562203115, 6.33926002227, 1614.6]
[-75.5796440222, 6.31091326448, 1687.9]
Total: 6 points

For point: [-75.5562203115, 6.33926002227, 1614.6]
Points in range:
[-75.5800940226, 6.31136326493, 1707.9]
[-75.5616007379, 6.32870576905, 1628.36]
[-75.5499363497, 6.31612928218, 1683.77]
[-75.5497332207, 6.34568295321, 1703.38]
[-75.5562203115, 6.33926002227, 1614.6]
[-75.5796440222, 6.31091326448, 1687.9]
Total: 6 points

For point: [-75.5443845591, 6.30633535292, 1415.34]
Points in range:
[-75.5439345586, 6.30588535247, 1395.34]
[-75.5443845591, 6.30633535292, 1415.34]
[-75.5469857796, 6.33346840308, 1395.71]
Total: 3 points

For point: [-75.5703224583, 6.34702693307, 1731.41]
Points in range:
[-75.5800940226, 6.31136326493, 1707.9]
[-75.5499363497, 6.31612928218, 1683.77]
[-75.5497332207, 6.34568295321, 1703.38]
[-75.5796440222, 6.31091326448, 1687.9]
[-75.5703224583, 6.34702693307, 1731.41]
Total: 5 points

For point: [-75.5439345586, 6.30588535247, 1395.34]
Points in range:
[-75.5439345586, 6.30588535247, 1395.34]
[-75.5443845591, 6.30633535292, 1415.34]
[-75.5469857796, 6.33346840308, 1395.71]
Total: 3 points

For point: [-75.5796440222, 6.31091326448, 1687.9]
Points in range:
[-75.5800940226, 6.31136326493, 1707.9]
[-75.5616007379, 6.32870576905, 1628.36]
[-75.5499363497, 6.31612928218, 1683.77]
[-75.5497332207, 6.34568295321, 1703.38]
[-75.5562203115, 6.33926002227, 1614.6]
[-75.5796440222, 6.31091326448, 1687.9]
[-75.5703224583, 6.34702693307, 1731.41]
Total: 7 points

