For point: [-73.8875607152, 9.97325403002, 1486.47]
Points in range:
[-73.8875607152, 9.97325403002, 1486.47]
[-70.5946910532, 4.99466135128, 1417.99]
[-76.8824580045, 4.11485279965, 1463.22]
[-70.5942410527, 4.99421135083, 1397.99]
Total: 4 points

For point: [-78.2985592733, 1.32063662716, 1638.84]
Points in range:
[-69.7900528623, -2.71622487905, 1721.72]
[-74.4478067085, 1.08924242676, 1679.77]
[-78.2981092728, 1.32018662671, 1618.84]
[-78.2985592733, 1.32063662716, 1638.84]
[-73.8622875323, 5.21922963781, 1625.96]
Total: 5 points

For point: [-76.7112524197, 6.20068445001, 1331.05]
Points in range:
[-70.5942410527, 4.99421135083, 1397.99]
[-76.7112524197, 6.20068445001, 1331.05]
[-70.5946910532, 4.99466135128, 1417.99]
[-76.7108024192, 6.20023444956, 1311.05]
[-72.0185127333, 5.09547917364, 1381.28]
[-72.26513825, 5.2401084945, 1378.07]
Total: 6 points

For point: [-76.8824580045, 4.11485279965, 1463.22]
Points in range:
[-70.5942410527, 4.99421135083, 1397.99]
[-76.8824580045, 4.11485279965, 1463.22]
[-73.8875607152, 9.97325403002, 1486.47]
[-70.5946910532, 4.99466135128, 1417.99]
[-72.0185127333, 5.09547917364, 1381.28]
[-72.26513825, 5.2401084945, 1378.07]
Total: 6 points

For point: [-70.5946910532, 4.99466135128, 1417.99]
Points in range:
[-70.5942410527, 4.99421135083, 1397.99]
[-76.7112524197, 6.20068445001, 1331.05]
[-76.8824580045, 4.11485279965, 1463.22]
[-73.8875607152, 9.97325403002, 1486.47]
[-70.5946910532, 4.99466135128, 1417.99]
[-72.0185127333, 5.09547917364, 1381.28]
[-72.26513825, 5.2401084945, 1378.07]
Total: 7 points

For point: [-76.1033794384, 5.18048140221, 1770.27]
Points in range:
[-74.4478067085, 1.08924242676, 1679.77]
[-69.7900528623, -2.71622487905, 1721.72]
[-75.815184627, 6.44777526562, 1782.85]
[-76.1033794384, 5.18048140221, 1770.27]
Total: 4 points

For point: [-72.26513825, 5.2401084945, 1378.07]
Points in range:
[-70.5942410527, 4.99421135083, 1397.99]
[-76.7112524197, 6.20068445001, 1331.05]
[-76.8824580045, 4.11485279965, 1463.22]
[-70.5946910532, 4.99466135128, 1417.99]
[-76.7108024192, 6.20023444956, 1311.05]
[-72.0185127333, 5.09547917364, 1381.28]
[-72.26513825, 5.2401084945, 1378.07]
Total: 7 points

For point: [-73.8622875323, 5.21922963781, 1625.96]
Points in range:
[-69.7900528623, -2.71622487905, 1721.72]
[-74.4478067085, 1.08924242676, 1679.77]
[-78.2981092728, 1.32018662671, 1618.84]
[-78.2985592733, 1.32063662716, 1638.84]
[-73.8622875323, 5.21922963781, 1625.96]
Total: 5 points

For point: [-74.4478067085, 1.08924242676, 1679.77]
Points in range:
[-69.7900528623, -2.71622487905, 1721.72]
[-74.4478067085, 1.08924242676, 1679.77]
[-78.2981092728, 1.32018662671, 1618.84]
[-76.1033794384, 5.18048140221, 1770.27]
[-78.2985592733, 1.32063662716, 1638.84]
[-73.8622875323, 5.21922963781, 1625.96]
Total: 6 points

For point: [-75.815184627, 6.44777526562, 1782.85]
Points in range:
[-69.7900528623, -2.71622487905, 1721.72]
[-75.815184627, 6.44777526562, 1782.85]
[-76.1033794384, 5.18048140221, 1770.27]
Total: 3 points

For point: [-69.7900528623, -2.71622487905, 1721.72]
Points in range:
[-69.7900528623, -2.71622487905, 1721.72]
[-74.4478067085, 1.08924242676, 1679.77]
[-75.815184627, 6.44777526562, 1782.85]
[-76.1033794384, 5.18048140221, 1770.27]
[-78.2985592733, 1.32063662716, 1638.84]
[-73.8622875323, 5.21922963781, 1625.96]
Total: 6 points

For point: [-72.0185127333, 5.09547917364, 1381.28]
Points in range:
[-70.5942410527, 4.99421135083, 1397.99]
[-76.7112524197, 6.20068445001, 1331.05]
[-76.8824580045, 4.11485279965, 1463.22]
[-70.5946910532, 4.99466135128, 1417.99]
[-76.7108024192, 6.20023444956, 1311.05]
[-72.0185127333, 5.09547917364, 1381.28]
[-72.26513825, 5.2401084945, 1378.07]
Total: 7 points

For point: [-70.5942410527, 4.99421135083, 1397.99]
Points in range:
[-70.5942410527, 4.99421135083, 1397.99]
[-76.7112524197, 6.20068445001, 1331.05]
[-76.8824580045, 4.11485279965, 1463.22]
[-73.8875607152, 9.97325403002, 1486.47]
[-70.5946910532, 4.99466135128, 1417.99]
[-76.7108024192, 6.20023444956, 1311.05]
[-72.0185127333, 5.09547917364, 1381.28]
[-72.26513825, 5.2401084945, 1378.07]
Total: 8 points

For point: [-78.2981092728, 1.32018662671, 1618.84]
Points in range:
[-74.4478067085, 1.08924242676, 1679.77]
[-78.2985592733, 1.32063662716, 1638.84]
[-73.8622875323, 5.21922963781, 1625.96]
[-78.2981092728, 1.32018662671, 1618.84]
Total: 4 points

For point: [-76.7108024192, 6.20023444956, 1311.05]
Points in range:
[-70.5942410527, 4.99421135083, 1397.99]
[-76.7112524197, 6.20068445001, 1331.05]
[-76.7108024192, 6.20023444956, 1311.05]
[-72.0185127333, 5.09547917364, 1381.28]
[-72.26513825, 5.2401084945, 1378.07]
Total: 5 points

